557542575620057398824432875131759001410987819845248991300969860686969826687924798563788601865261574758245923731160070214878280645052302529906576250738292346128786633351931799446527871079569954645565095514628455498582473954189310540146268838602627640769132799859253121205070118905028746813156850220563
730454953333864139726330554810301962231427995456525127442140783824778036098311200441673298395167662887336901940148359260649505026361890808996660548335568412598576949248684853580293348944404095450376797481773982450611948486666531986502052179460842219990077315469583834728578387428852116261479808541803
356176570889742273038253523578545598010645762274430999320041478646477680266976381220094477754026351381575849046958222121568383916848128352515603637211759855330188677479959450131099172587139421296199283228893124752459116023640142468527220265491215066753254397765969291347689242477032674538322568395389
906109709786063681639522512964542079875885531918631369505685823326353249553974664621254660281772859573035652407642755284071505160541193642964819709283119818070330407994974865687633236242882172953978025820190317509069920309982707914348823032107755357213098524725757876977406112648756390834410735502751
139517580470774566418234899292862839289018393180545560177060369795980956057114465013000379923045973290960132301794924404144602257411371249231984632974871201754261167469182363771587500744374223547026583045949228388369930221795153056071247200304951578027213554229097855436483752569359229185303445184019
673327934474962861361242743332103227444548963615896336138422141788132714314542466883846507504241391099501812126883200956615920458100671305243569327125717740904280734019352116877386248225705940772585832714827190194154770051398002794066008466159107813433077815279941728757052969329347249476368391259491
551148319056897961093416197862930810194992338730310200123876269491553318052074026129285822011044578893988034039096119877381498746157091183972707147216089526224184787948199962833907663407012433734799000863312298905218085032065962828495501936090221922757044442937643721586762525417012993143574410527941
296675560437554369698646306642126045543017491331764731816006174839753860755326215649919378439093208742443881299214303126408885453859613061140000159746357168147468385174109419991003193517992599452458600472531026217517711785872259029160541701799276192330892661950246665387472161607049606007496224591263
569979060695261660762466943908538623281718467479454198201388137345587329284696926866305101679552421650709110353352863241771917485844671475015534023291861628792536273216712761880411057619354820808223839870192695140414563600323304368823470523145159166818294903165964192066781379340788371677453739539197
394045406013405365158820706225000507804997431490277356294513878213586817165176932592716254393803703582904015739327865232455886568223431240495498696803404776737240524236110365485628955604489065358611058358014658305441540006697556140581766896156543283205084662386379996126136612531130777096059858858127
402028751517101287018093300909013331138154856877903720196888971150846089112989751880641218373161887133105257667230203560369369809180644170026969045871963891911200104742585255927339613995623653294197007409721056480881688184003466525488551045156183700995091258515432459344977862969340881699350163994023
532332398652268290462031099555534784983217220567941265075962700842978667465853562494845940515881130262117875191787207845933469399842967164101420121480542052634188448871286171492003973989023683258105760843969926202165882733371309538993375233005972325923411424407432491640315052288529142559468712813647
831700839943876874779221016817418724987850861289205821195478824477049447514077064045960911208451930737556160227935449474562154109857457679303212218965229848365826184271739413318715208440858731922286227007014193698905293602519806592353175995643148772666973107128669513123893888495762388108647128382281
544994936190919205035143815308824958520947146682619966015818980015251506103990416007200251446950969050081413259912345263197633658672342938854944546215819852632655267312402232138341027206629111344362281392059830370926755689510346783084753758983597513568894227073149563183278790286231084058392840946419
575485364331310263170609602633282199252684341027532730351852018827996798011704539370813424469394239116133899806983884006172671396796529462672865641058634046882279794694325000417126777205832478977739786271674307561585834890510624043096835456953496855038365195246130701247447998875313922686123350520699
